-0 100 100 -0 -0 100 -0 2.3633 1.9999 1.09999 
0.001 104.692 100 0.000658872 0.000780376 101.564 4.69168 2.3842 2.00817 1.0986 
0.002 109.407 100 0.00131523 0.00156159 103.136 9.40724 2.40575 2.01595 1.09723 
0.003 114.146 100 0.00196882 0.00234373 104.715 14.1459 2.42805 2.02304 1.09586 
0.004 118.906 100 0.00261932 0.00312689 106.302 18.9064 2.45126 2.02921 1.09449 
0.005 123.687 100 0.00326629 0.00391124 107.896 23.6873 2.4756 2.03422 1.09314 
0.006 128.487 100 0.00390924 0.00469692 109.496 28.4866 2.50136 2.03789 1.09179 
0.007 133.302 100 0.00454755 0.00548415 111.101 33.3023 2.52888 2.04003 1.09046 
0.008 138.132 100 0.00518053 0.00627316 112.711 38.132 2.55856 2.04051 1.08914 
0.009 142.973 100 0.00580741 0.0070642 114.324 42.9732 2.59082 2.03925 1.08783 
0.01 147.824 100 0.00642733 0.00785756 115.941 47.8235 2.62611 2.03616 1.08653 
0.011 152.68 100 0.00703941 0.00865353 117.56 52.6803 2.66491 2.03124 1.08526 
0.012 157.541 100 0.00764269 0.00945244 119.18 57.5409 2.70769 2.02448 1.084 
0.013 162.403 100 0.00823621 0.0102546 120.801 62.403 2.75498 2.01592 1.08276 
0.014 167.264 100 0.00881898 0.0110603 122.421 67.2639 2.80728 2.00561 1.08155 
0.015 172.121 100 0.00939004 0.01187 124.04 72.1213 2.86512 1.99361 1.08036 
0.016 176.973 100 0.00994843 0.0126839 125.658 76.9728 2.92909 1.97999 1.0792 
0.017 181.816 100 0.0104932 0.0135023 127.272 81.8159 2.99979 1.96483 1.07807 
0.018 186.648 100 0.0110235 0.0143255 128.883 86.6484 3.07789 1.94819 1.07697 
0.019 191.468 100 0.0115385 0.0151538 130.489 91.4678 3.16415 1.93016 1.0759 
0.02 196.272 100 0.0120373 0.0159876 132.091 96.2718 3.25945 1.91077 1.07486 
0.021 201.058 100 0.0125192 0.0168269 133.686 101.058 3.36481 1.89007 1.07386 
0.022 205.823 100 0.0129835 0.0176722 135.274 105.823 3.48145 1.86811 1.0729 
0.023 210.565 100 0.0134295 0.0185235 136.855 110.565 3.61086 1.84489 1.07198 
0.024 215.281 100 0.0138566 0.0193811 138.427 115.281 3.75487 1.82044 1.07109 
0.025 219.967 100 0.0142642 0.0202453 139.989 119.967 3.91573 1.79476 1.07025 
0.026 224.621 100 0.0146518 0.0211161 141.54 124.621 4.09633 1.76785 1.06945 
0.027 229.24 100 0.0150189 0.0219937 143.08 129.24 4.30033 1.73971 1.06869 
0.028 233.819 100 0.0153648 0.0228784 144.606 133.819 4.53247 1.71032 1.06797 
0.029 238.354 100 0.0156893 0.0237702 146.118 138.354 4.79903 1.67967 1.0673 
0.03 242.843 100 0.0159918 0.0246694 147.614 142.843 5.10842 1.64776 1.06668 
0.031 247.28 100 0.0162719 0.025576 149.093 147.28 5.47218 1.61458 1.0661 
0.032 251.662 100 0.0165291 0.0264903 150.554 151.662 5.90658 1.58012 1.06557 
0.033 255.984 100 0.0167632 0.0274123 151.995 155.984 6.43528 1.54439 1.06509 
0.034 260.241 100 0.0169737 0.0283421 153.414 160.241 7.094 1.50738 1.06465 
0.035 264.429 100 0.0171602 0.0292799 154.81 164.429 7.93929 1.46911 1.06427 
0.036 268.543 100 0.0173224 0.0302259 156.181 168.543 9.06626 1.42961 1.06393 
0.037 272.577 100 0.01746 0.03118 157.526 172.577 10.6481 1.38889 1.06365 
0.038 276.528 100 0.0175725 0.0321425 158.843 176.528 13.0367 1.347 1.06342 
0.039 280.389 100 0.0176599 0.0331134 160.13 180.389 17.0735 1.30398 1.06324 
0.04 284.157 100 0.0177217 0.0340928 161.386 184.157 25.3926 1.25988 1.06311 
0.041 287.825 100 0.0177577 0.0350808 162.608 187.825 52.6381 1.21478 1.06304 
0.042 291.389 100 0.0177677 0.0360774 163.796 191.389 -364.074 1.16875 1.06302 
0.043 294.845 100 0.0177514 0.0370829 164.948 194.845 -38.3982 1.12188 1.06305 
0.044 298.186 100 0.0177089 0.038097 166.062 198.186 -19.5641 1.07425 1.06314 
0.045 301.41 100 0.0176398 0.0391201 167.137 201.41 -12.7844 1.02598 1.06328 
0.046 304.511 100 0.0175442 0.0401519 168.17 204.511 -9.28784 0.97719 1.06348 
0.047 307.486 100 0.017422 0.0411927 169.162 207.486 -7.15218 0.927991 1.06373 
0.048 310.331 100 0.0172733 0.0422422 170.11 210.331 -5.71106 0.878519 1.06404 
0.049 313.042 100 0.017098 0.0433007 171.014 213.042 -4.67235 0.828914 1.0644 
0.05 315.618 100 0.0168965 0.0443678 171.873 215.618 -3.88779 0.77932 1.06482 
0.051 318.054 100 0.0166688 0.0454437 172.685 218.054 -3.27416 0.729883 1.06529 
0.052 320.349 100 0.0164152 0.0465283 173.45 220.349 -2.78112 0.680756 1.06581 
0.053 322.502 100 0.0161361 0.0476213 174.167 222.502 -2.37644 0.632089 1.06639 
0.054 324.512 100 0.0158319 0.0487227 174.837 224.512 -2.03852 0.584034 1.06702 
0.055 326.378 100 0.015503 0.0498323 175.459 226.378 -1.75236 0.536738 1.0677 
0.056 328.1 100 0.0151501 0.05095 176.033 228.1 -1.5072 0.490346 1.06843 
0.057 329.68 100 0.0147736 0.0520755 176.56 229.68 -1.29511 0.444995 1.06921 
0.058 331.117 100 0.0143745 0.0532085 177.039 231.117 -1.11014 0.400812 1.07004 
0.059 332.416 100 0.0139532 0.0543489 177.472 232.416 -0.947707 0.357918 1.07091 
0.06 333.576 100 0.0135108 0.0554964 177.859 233.576 -0.80424 0.31642 1.07183 
0.061 334.603 100 0.0130481 0.0566506 178.201 234.603 -0.676902 0.276413 1.07279 
0.062 335.499 100 0.012566 0.0578113 178.5 235.499 -0.563411 0.237979 1.07379 
0.063 336.268 100 0.0120654 0.0589782 178.756 236.268 -0.461907 0.201186 1.07483 
0.064 336.914 100 0.0115474 0.0601509 178.971 236.914 -0.370855 0.166085 1.0759 
0.065 337.442 100 0.0110131 0.061329 179.147 237.442 -0.288976 0.132715 1.07701 
0.066 337.857 100 0.0104634 0.0625122 179.286 237.857 -0.215192 0.1011 1.07815 
0.067 338.164 100 0.00989945 0.0637002 179.388 238.164 -0.148585 0.0712496 1.07933 
0.068 338.368 100 0.00932237 0.0648925 179.456 238.368 -0.0883719 0.0431603 1.08053 
0.069 338.476 100 0.0087332 0.0660889 179.492 238.476 -0.0338727 0.0168163 1.08175 
0.07 338.492 100 0.00813303 0.067289 179.497 238.492 0.0155028 -0.00780926 1.083 
0.071 338.422 100 0.00752289 0.0684924 179.474 238.422 0.0602716 -0.0307532 1.08427 
0.072 338.272 100 0.00690383 0.0696987 179.424 238.272 0.100889 -0.0520611 1.08556 
0.073 338.048 100 0.00627685 0.0709077 179.349 238.048 0.137758 -0.0717856 1.08687 
0.074 337.754 100 0.00564293 0.072119 179.251 237.754 0.171236 -0.0899857 1.0882 
0.075 337.395 100 0.005003 0.0733323 179.132 237.395 0.201643 -0.106725 1.08953 
0.076 336.978 100 0.00435797 0.0745473 178.993 236.978 0.229266 -0.122069 1.09088 
0.077 336.507 100 0.00370868 0.0757638 178.836 236.507 0.254362 -0.13609 1.09224 
0.078 335.987 100 0.00305596 0.0769813 178.662 235.987 0.277161 -0.148856 1.09361 
0.079 335.421 100 0.00240058 0.0781998 178.474 235.421 0.297873 -0.160439 1.09498 
0.08 334.815 100 0.00174326 0.0794189 178.272 234.815 0.316686 -0.170911 1.09636 
0.081 334.172 100 0.00108467 0.0806384 178.057 234.172 0.333771 -0.18034 1.09774 
0.082 333.497 100 0.000425468 0.0818582 177.832 233.497 0.349282 -0.188795 1.09912 
0.083 332.792 100 -0.000233766 0.0830779 177.597 232.792 0.363361 -0.196343 1.1005 
0.084 332.061 100 -0.000892479 0.0842975 177.354 232.061 0.376135 -0.203046 1.10189 
0.085 331.308 100 -0.00155016 0.0855167 177.103 231.308 0.387719 -0.208967 1.10327 
0.086 330.534 100 -0.00220634 0.0867354 176.845 230.534 0.398218 -0.214163 1.10465 
0.087 329.743 100 -0.00286059 0.0879535 176.581 229.743 0.40773 -0.21869 1.10603 
0.088 328.937 100 -0.0035125 0.0891708 176.312 228.937 0.416339 -0.2226 1.1074 
0.089 328.119 100 -0.00416172 0.0903872 176.04 228.119 0.424127 -0.225942 1.10877 
0.09 327.29 100 -0.00480791 0.0916026 175.763 227.29 0.431166 -0.228762 1.11013 
0.091 326.452 100 -0.00545078 0.0928169 175.484 226.452 0.43752 -0.231104 1.11149 
0.092 325.607 100 -0.00609004 0.09403 175.202 225.607 0.443251 -0.233007 1.11284 
0.093 324.757 100 -0.00672546 0.0952418 174.919 224.757 0.448412 -0.234509 1.11418 
0.094 323.904 100 -0.0073568 0.0964523 174.635 223.904 0.453054 -0.235645 1.11552 
0.095 323.047 100 -0.00798387 0.0976613 174.349 223.047 0.457223 -0.236448 1.11685 
0.096 322.19 100 -0.00860649 0.0988688 174.063 222.19 0.460958 -0.236946 1.11816 
0.097 321.332 100 -0.00922449 0.100075 173.777 221.332 0.4643 -0.237167 1.11947 
0.098 320.475 100 -0.00983775 0.101279 173.492 220.475 0.467281 -0.237138 1.12077 
0.099 319.62 100 -0.0104461 0.102482 173.207 219.62 0.469933 -0.23688 1.12206 
0.1 318.767 100 -0.0110495 0.103683 172.922 218.767 0.472285 -0.236416 1.12335 
0.101 317.918 100 -0.0116478 0.104883 172.639 217.918 0.474364 -0.235765 1.12462 
0.102 317.072 100 -0.0122409 0.10608 172.357 217.072 0.476192 -0.234946 1.12588 
0.103 316.231 100 -0.0128288 0.107276 172.077 216.231 0.477793 -0.233975 1.12713 
0.104 315.394 100 -0.0134114 0.10847 171.798 215.394 0.479186 -0.232868 1.12837 
0.105 314.563 100 -0.0139887 0.109663 171.521 214.563 0.480389 -0.231637 1.12959 
0.106 313.738 100 -0.0145605 0.110854 171.246 213.738 0.481419 -0.230297 1.13081 
0.107 312.919 100 -0.015127 0.112042 170.973 212.919 0.482291 -0.228858 1.13202 
0.108 312.107 100 -0.015688 0.113229 170.702 212.107 0.48302 -0.227332 1.13322 
0.109 311.302 100 -0.0162435 0.114414 170.434 211.302 0.483617 -0.225728 1.1344 
0.11 310.503 100 -0.0167935 0.115598 170.168 210.503 0.484095 -0.224055 1.13558 
0.111 309.712 100 -0.017338 0.116779 169.904 209.712 0.484464 -0.222321 1.13674 
0.112 308.928 100 -0.0178771 0.117959 169.643 208.928 0.484733 -0.220534 1.13789 
0.113 308.152 100 -0.0184107 0.119137 169.384 208.152 0.484913 -0.2187 1.13903 
0.114 307.384 100 -0.0189388 0.120313 169.128 207.384 0.485011 -0.216825 1.14016 
0.115 306.624 100 -0.0194614 0.121487 168.875 206.624 0.485034 -0.214916 1.14128 
0.116 305.871 100 -0.0199786 0.12266 168.624 205.871 0.48499 -0.212976 1.14239 
0.117 305.127 100 -0.0204904 0.12383 168.376 205.127 0.484884 -0.211012 1.14348 
0.118 304.39 100 -0.0209967 0.124999 168.13 204.39 0.484723 -0.209026 1.14457 
0.119 303.662 100 -0.0214977 0.126166 167.887 203.662 0.484511 -0.207024 1.14564 
0.12 302.942 100 -0.0219933 0.127331 167.647 202.942 0.484254 -0.205008 1.14671 
0.121 302.23 100 -0.0224835 0.128495 167.41 202.23 0.483955 -0.202981 1.14776 
0.122 301.526 100 -0.0229685 0.129656 167.175 201.526 0.48362 -0.200947 1.1488 
0.123 300.83 100 -0.0234482 0.130816 166.943 200.83 0.483251 -0.198908 1.14983 
0.124 300.142 100 -0.0239227 0.131974 166.714 200.142 0.482852 -0.196867 1.15085 
0.125 299.463 100 -0.024392 0.133131 166.488 199.463 0.482427 -0.194825 1.15186 
0.126 298.791 100 -0.0248561 0.134285 166.264 198.791 0.481977 -0.192785 1.15286 
0.127 298.128 100 -0.0253151 0.135438 166.043 198.128 0.481506 -0.190748 1.15385 
0.128 297.473 100 -0.025769 0.13659 165.824 197.473 0.481016 -0.188716 1.15483 
0.129 296.825 100 -0.0262178 0.137739 165.608 196.825 0.48051 -0.186691 1.15579 
0.13 296.186 100 -0.0266617 0.138887 165.395 196.186 0.479988 -0.184673 1.15675 
0.131 295.554 100 -0.0271006 0.140034 165.185 195.554 0.479454 -0.182664 1.1577 
0.132 294.93 100 -0.0275346 0.141178 164.977 194.93 0.478908 -0.180665 1.15863 
0.133 294.314 100 -0.0279637 0.142321 164.771 194.314 0.478353 -0.178677 1.15956 
0.134 293.706 100 -0.0283879 0.143463 164.569 193.706 0.477789 -0.1767 1.16048 
0.135 293.105 100 -0.0288074 0.144602 164.368 193.105 0.477219 -0.174737 1.16138 
0.136 292.511 100 -0.0292221 0.145741 164.17 192.511 0.476642 -0.172786 1.16228 
0.137 291.926 100 -0.0296321 0.146877 163.975 191.926 0.476061 -0.170849 1.16317 
0.138 291.347 100 -0.0300375 0.148012 163.782 191.347 0.475477 -0.168926 1.16404 
0.139 290.776 100 -0.0304382 0.149146 163.592 190.776 0.474889 -0.167018 1.16491 
0.14 290.212 100 -0.0308343 0.150278 163.404 190.212 0.4743 -0.165125 1.16577 
0.141 289.655 100 -0.0312259 0.151409 163.218 189.655 0.473709 -0.163248 1.16662 
0.142 289.105 100 -0.0316131 0.152538 163.035 189.105 0.473118 -0.161386 1.16746 
0.143 288.562 100 -0.0319957 0.153665 162.854 188.562 0.472527 -0.159541 1.16829 
0.144 288.026 100 -0.032374 0.154791 162.675 188.026 0.471937 -0.157712 1.16911 
0.145 287.497 100 -0.0327479 0.155916 162.499 187.497 0.471348 -0.1559 1.16992 
0.146 286.975 100 -0.0331176 0.157039 162.325 186.975 0.470761 -0.154104 1.17072 
0.147 286.459 100 -0.0334829 0.158161 162.153 186.459 0.470176 -0.152325 1.17151 
0.148 285.95 100 -0.033844 0.159281 161.983 185.95 0.469593 -0.150563 1.1723 
0.149 285.448 100 -0.0342009 0.1604 161.816 185.448 0.469013 -0.148818 1.17307 
0.15 284.952 100 -0.0345537 0.161518 161.651 184.952 0.468437 -0.147091 1.17384 
0.151 284.462 100 -0.0349024 0.162634 161.487 184.462 0.467864 -0.14538 1.1746 
0.152 283.978 100 -0.0352471 0.163749 161.326 183.978 0.467295 -0.143687 1.17535 
0.153 283.501 100 -0.0355877 0.164863 161.167 183.501 0.46673 -0.142011 1.17609 
0.154 283.03 100 -0.0359243 0.165975 161.01 183.03 0.466169 -0.140352 1.17682 
0.155 282.565 100 -0.036257 0.167086 160.855 182.565 0.465612 -0.13871 1.17754 
0.156 282.106 100 -0.0365859 0.168195 160.702 182.106 0.46506 -0.137085 1.17826 
0.157 281.653 100 -0.0369109 0.169304 160.551 181.653 0.464513 -0.135477 1.17897 
0.158 281.205 100 -0.0372321 0.170411 160.402 181.205 0.463971 -0.133887 1.17967 
0.159 280.764 100 -0.0375495 0.171516 160.255 180.764 0.463433 -0.132313 1.18036 
0.16 280.328 100 -0.0378632 0.172621 160.109 180.328 0.462901 -0.130756 1.18104 
0.161 279.898 100 -0.0381732 0.173724 159.966 179.898 0.462374 -0.129216 1.18172 
0.162 279.473 100 -0.0384796 0.174827 159.824 179.473 0.461852 -0.127692 1.18239 
0.163 279.054 100 -0.0387823 0.175927 159.685 179.054 0.461335 -0.126185 1.18305 
0.164 278.64 100 -0.0390815 0.177027 159.547 178.64 0.460824 -0.124695 1.1837 
0.165 278.231 100 -0.0393772 0.178126 159.41 178.231 0.460318 -0.123221 1.18435 
0.166 277.828 100 -0.0396694 0.179223 159.276 177.828 0.459818 -0.121763 1.18499 
0.167 277.43 100 -0.0399582 0.180319 159.143 177.43 0.459323 -0.120321 1.18562 
0.168 277.037 100 -0.0402435 0.181414 159.012 177.037 0.458833 -0.118895 1.18624 
0.169 276.649 100 -0.0405254 0.182508 158.883 176.649 0.458349 -0.117485 1.18686 
0.17 276.266 100 -0.0408041 0.183601 158.755 176.266 0.45787 -0.116091 1.18747 
0.171 275.888 100 -0.0410794 0.184693 158.629 175.888 0.457397 -0.114713 1.18807 
0.172 275.515 100 -0.0413515 0.185784 158.505 175.515 0.45693 -0.11335 1.18866 
0.173 275.147 100 -0.0416203 0.186873 158.382 175.147 0.456468 -0.112002 1.18925 
0.174 274.783 100 -0.0418859 0.187962 158.261 174.783 0.456011 -0.110669 1.18983 
0.175 274.424 100 -0.0421484 0.189049 158.141 174.424 0.45556 -0.109352 1.19041 
0.176 274.07 100 -0.0424078 0.190136 158.023 174.07 0.455114 -0.10805 1.19098 
0.177 273.72 100 -0.0426641 0.191221 157.907 173.72 0.454674 -0.106762 1.19154 
0.178 273.375 100 -0.0429174 0.192306 157.792 173.375 0.454239 -0.105489 1.19209 
0.179 273.034 100 -0.0431676 0.193389 157.678 173.034 0.453809 -0.104231 1.19264 
0.18 272.697 100 -0.0434148 0.194472 157.566 172.697 0.453384 -0.102987 1.19318 
0.181 272.365 100 -0.0436592 0.195553 157.455 172.365 0.452965 -0.101757 1.19372 
0.182 272.037 100 -0.0439005 0.196634 157.346 172.037 0.452551 -0.100541 1.19425 
0.183 271.714 100 -0.0441391 0.197713 157.238 171.714 0.452142 -0.0993393 1.19477 
0.184 271.394 100 -0.0443747 0.198792 157.131 171.394 0.451739 -0.0981514 1.19529 
0.185 271.079 100 -0.0446076 0.199869 157.026 171.079 0.45134 -0.0969772 1.1958 
0.186 270.767 100 -0.0448376 0.200946 156.922 170.767 0.450947 -0.0958165 1.19631 
0.187 270.46 100 -0.045065 0.202022 156.82 170.46 0.450558 -0.0946693 1.19681 
0.188 270.157 100 -0.0452896 0.203097 156.719 170.157 0.450175 -0.0935353 1.1973 
0.189 269.857 100 -0.0455115 0.20417 156.619 169.857 0.449796 -0.0924144 1.19779 
0.19 269.561 100 -0.0457307 0.205244 156.52 169.561 0.449422 -0.0913066 1.19827 
0.191 269.269 100 -0.0459474 0.206316 156.423 169.269 0.449053 -0.0902116 1.19874 
0.192 268.981 100 -0.0461614 0.207387 156.327 168.981 0.448689 -0.0891293 1.19922 
0.193 268.697 100 -0.0463728 0.208458 156.232 168.697 0.44833 -0.0880596 1.19968 
0.194 268.416 100 -0.0465818 0.209527 156.139 168.416 0.447975 -0.0870024 1.20014 
0.195 268.138 100 -0.0467882 0.210596 156.046 168.138 0.447624 -0.0859574 1.20059 
0.196 267.865 100 -0.0469921 0.211664 155.955 167.865 0.447279 -0.0849247 1.20104 
0.197 267.594 100 -0.0471936 0.212731 155.865 167.594 0.446938 -0.083904 1.20149 
0.198 267.328 100 -0.0473927 0.213798 155.776 167.328 0.446601 -0.0828952 1.20192 
0.199 267.064 100 -0.0475894 0.214863 155.688 167.064 0.446268 -0.0818983 1.20236 
0.2 266.804 100 -0.0477837 0.215928 155.601 166.804 0.44594 -0.080913 1.20279 
0.201 266.547 100 -0.0479757 0.216992 155.516 166.547 0.445617 -0.0799392 1.20321 
0.202 266.294 100 -0.0481653 0.218055 155.431 166.294 0.445297 -0.0789769 1.20363 
0.203 266.044 100 -0.0483527 0.219118 155.348 166.044 0.444982 -0.0780258 1.20404 
0.204 265.797 100 -0.0485378 0.220179 155.266 165.797 0.444671 -0.0770859 1.20445 
0.205 265.553 100 -0.0487207 0.22124 155.184 165.553 0.444364 -0.076157 1.20485 
0.206 265.312 100 -0.0489014 0.2223 155.104 165.312 0.444061 -0.0752391 1.20525 
0.207 265.074 100 -0.0490799 0.22336 155.025 165.074 0.443762 -0.0743319 1.20564 
0.208 264.84 100 -0.0492562 0.224419 154.947 164.84 0.443467 -0.0734355 1.20603 
0.209 264.608 100 -0.0494304 0.225477 154.869 164.608 0.443176 -0.0725495 1.20642 
0.21 264.379 100 -0.0496026 0.226534 154.793 164.379 0.442889 -0.0716741 1.2068 
0.211 264.153 100 -0.0497726 0.227591 154.718 164.153 0.442605 -0.0708089 1.20717 
0.212 263.93 100 -0.0499406 0.228647 154.643 163.93 0.442326 -0.0699539 1.20754 
0.213 263.71 100 -0.0501065 0.229702 154.57 163.71 0.44205 -0.0691091 1.20791 
0.214 263.493 100 -0.0502705 0.230757 154.498 163.493 0.441777 -0.0682742 1.20827 
0.215 263.278 100 -0.0504324 0.231811 154.426 163.278 0.441509 -0.0674491 1.20863 
0.216 263.066 100 -0.0505924 0.232864 154.355 163.066 0.441243 -0.0666339 1.20898 
0.217 262.857 100 -0.0507505 0.233917 154.286 162.857 0.440982 -0.0658282 1.20933 
0.218 262.651 100 -0.0509066 0.234969 154.217 162.651 0.440724 -0.0650321 1.20967 
0.219 262.447 100 -0.0510609 0.23602 154.149 162.447 0.440469 -0.0642455 1.21002 
0.22 262.245 100 -0.0512133 0.237071 154.082 162.245 0.440218 -0.0634681 1.21035 
0.221 262.047 100 -0.0513638 0.238121 154.016 162.047 0.43997 -0.0627 1.21069 
0.222 261.85 100 -0.0515125 0.239171 153.95 161.85 0.439725 -0.0619409 1.21101 
0.223 261.657 100 -0.0516595 0.24022 153.886 161.657 0.439483 -0.0611909 1.21134 
0.224 261.465 100 -0.0518046 0.241268 153.822 161.465 0.439245 -0.0604498 1.21166 
0.225 261.277 100 -0.051948 0.242316 153.759 161.277 0.43901 -0.0597174 1.21198 
0.226 261.09 100 -0.0520896 0.243363 153.697 161.09 0.438778 -0.0589938 1.21229 
0.227 260.906 100 -0.0522295 0.24441 153.635 160.906 0.438549 -0.0582788 1.2126 
0.228 260.724 100 -0.0523677 0.245456 153.575 160.724 0.438323 -0.0575722 1.21291 
0.229 260.545 100 -0.0525042 0.246501 153.515 160.545 0.4381 -0.0568741 1.21321 
0.23 260.367 100 -0.0526391 0.247546 153.456 160.367 0.43788 -0.0561843 1.21351 
0.231 260.192 100 -0.0527724 0.248591 153.397 160.192 0.437663 -0.0555027 1.2138 
0.232 260.02 100 -0.052904 0.249635 153.34 160.02 0.437449 -0.0548292 1.21409 
0.233 259.849 100 -0.053034 0.250678 153.283 159.849 0.437238 -0.0541637 1.21438 
0.234 259.681 100 -0.0531624 0.251721 153.227 159.681 0.437029 -0.0535062 1.21466 
0.235 259.514 100 -0.0532893 0.252763 153.171 159.514 0.436824 -0.0528565 1.21495 
0.236 259.35 100 -0.0534146 0.253805 153.117 159.35 0.436621 -0.0522145 1.21522 
0.237 259.188 100 -0.0535384 0.254846 153.063 159.188 0.43642 -0.0515803 1.2155 
0.238 259.028 100 -0.0536607 0.255887 153.009 159.028 0.436223 -0.0509535 1.21577 
0.239 258.87 100 -0.0537815 0.256927 152.957 158.87 0.436028 -0.0503343 1.21604 
0.24 258.714 100 -0.0539008 0.257967 152.905 158.714 0.435835 -0.0497225 1.2163 
0.241 258.56 100 -0.0540187 0.259006 152.853 158.56 0.435645 -0.049118 1.21656 
0.242 258.408 100 -0.0541352 0.260045 152.803 158.408 0.435458 -0.0485207 1.21682 
0.243 258.257 100 -0.0542502 0.261083 152.752 158.257 0.435273 -0.0479305 1.21707 
0.244 258.109 100 -0.0543638 0.262121 152.703 158.109 0.435091 -0.0473475 1.21733 
0.245 257.963 100 -0.054476 0.263159 152.654 157.963 0.434911 -0.0467713 1.21758 
0.246 257.818 100 -0.0545869 0.264196 152.606 157.818 0.434733 -0.0462021 1.21782 
0.247 257.675 100 -0.0546964 0.265232 152.558 157.675 0.434558 -0.0456397 1.21806 
0.248 257.534 100 -0.0548046 0.266268 152.511 157.534 0.434385 -0.0450841 1.2183 
0.249 257.395 100 -0.0549115 0.267304 152.465 157.395 0.434214 -0.0445351 1.21854 
0.25 257.257 100 -0.055017 0.268339 152.419 157.257 0.434046 -0.0439927 1.21877 
0.251 257.122 100 -0.0551213 0.269374 152.374 157.122 0.43388 -0.0434568 1.21901 
0.252 256.988 100 -0.0552243 0.270408 152.329 156.988 0.433716 -0.0429273 1.21923 
0.253 256.855 100 -0.055326 0.271442 152.285 156.855 0.433554 -0.0424042 1.21946 
0.254 256.725 100 -0.0554265 0.272475 152.242 156.725 0.433394 -0.0418874 1.21968 
0.255 256.596 100 -0.0555257 0.273509 152.199 156.596 0.433236 -0.0413767 1.2199 
0.256 256.468 100 -0.0556238 0.274541 152.156 156.468 0.433081 -0.0408722 1.22012 
0.257 256.342 100 -0.0557206 0.275574 152.114 156.342 0.432927 -0.0403738 1.22034 
0.258 256.218 100 -0.0558163 0.276605 152.073 156.218 0.432776 -0.0398814 1.22055 
0.259 256.095 100 -0.0559108 0.277637 152.032 156.095 0.432627 -0.0393948 1.22076 
0.26 255.974 100 -0.0560041 0.278668 151.991 155.974 0.432479 -0.0389142 1.22097 
0.261 255.855 100 -0.0560963 0.279699 151.952 155.855 0.432334 -0.0384393 1.22117 
0.262 255.737 100 -0.0561874 0.280729 151.912 155.737 0.43219 -0.0379701 1.22137 
0.263 255.62 100 -0.0562774 0.281759 151.873 155.62 0.432048 -0.0375066 1.22157 
0.264 255.505 100 -0.0563662 0.282789 151.835 155.505 0.431908 -0.0370487 1.22177 
0.265 255.391 100 -0.056454 0.283818 151.797 155.391 0.43177 -0.0365962 1.22197 
0.266 255.279 100 -0.0565407 0.284847 151.76 155.279 0.431634 -0.0361493 1.22216 
0.267 255.168 100 -0.0566263 0.285875 151.723 155.168 0.4315 -0.0357077 1.22235 
0.268 255.059 100 -0.0567109 0.286904 151.686 155.059 0.431367 -0.0352714 1.22254 
0.269 254.95 100 -0.0567945 0.287931 151.65 154.95 0.431236 -0.0348404 1.22272 
0.27 254.844 100 -0.056877 0.288959 151.615 154.844 0.431107 -0.0344146 1.22291 
0.271 254.738 100 -0.0569585 0.289986 151.579 154.738 0.430979 -0.033994 1.22309 
0.272 254.634 100 -0.057039 0.291013 151.545 154.634 0.430853 -0.0335784 1.22327 
0.273 254.531 100 -0.0571185 0.29204 151.51 154.531 0.430729 -0.0331678 1.22344 
0.274 254.43 100 -0.0571971 0.293066 151.477 154.43 0.430607 -0.0327622 1.22362 
0.275 254.33 100 -0.0572747 0.294092 151.443 154.33 0.430486 -0.0323615 1.22379 
0.276 254.231 100 -0.0573513 0.295117 151.41 154.231 0.430366 -0.0319657 1.22396 
0.277 254.133 100 -0.057427 0.296142 151.378 154.133 0.430249 -0.0315746 1.22413 
0.278 254.037 100 -0.0575018 0.297167 151.346 154.037 0.430132 -0.0311882 1.22429 
0.279 253.941 100 -0.0575756 0.298192 151.314 153.941 0.430018 -0.0308066 1.22446 
0.28 253.847 100 -0.0576486 0.299216 151.282 153.847 0.429904 -0.0304295 1.22462 
0.281 253.754 100 -0.0577206 0.30024 151.251 153.754 0.429793 -0.030057 1.22478 
0.282 253.663 100 -0.0577918 0.301264 151.221 153.663 0.429682 -0.029689 1.22494 
0.283 253.572 100 -0.0578621 0.302287 151.191 153.572 0.429573 -0.0293255 1.2251 
0.284 253.482 100 -0.0579315 0.303311 151.161 153.482 0.429466 -0.0289664 1.22525 
0.285 253.394 100 -0.0580001 0.304333 151.131 153.394 0.42936 -0.0286116 1.2254 
0.286 253.307 100 -0.0580678 0.305356 151.102 153.307 0.429255 -0.0282611 1.22555 
0.287 253.221 100 -0.0581347 0.306378 151.074 153.221 0.429152 -0.0279149 1.2257 
0.288 253.136 100 -0.0582008 0.3074 151.045 153.136 0.42905 -0.0275728 1.22585 
0.289 253.052 100 -0.0582661 0.308422 151.017 153.052 0.428949 -0.0272349 1.22599 
0.29 252.969 100 -0.0583306 0.309444 150.99 152.969 0.42885 -0.0269011 1.22614 
0.291 252.887 100 -0.0583942 0.310465 150.962 152.887 0.428752 -0.0265714 1.22628 
0.292 252.806 100 -0.0584571 0.311486 150.935 152.806 0.428655 -0.0262456 1.22642 
0.293 252.726 100 -0.0585193 0.312506 150.909 152.726 0.42856 -0.0259239 1.22656 
0.294 252.647 100 -0.0585806 0.313527 150.882 152.647 0.428465 -0.025606 1.22669 
0.295 252.569 100 -0.0586412 0.314547 150.856 152.569 0.428372 -0.0252919 1.22683 
0.296 252.492 100 -0.0587011 0.315567 150.831 152.492 0.428281 -0.0249817 1.22696 
0.297 252.416 100 -0.0587602 0.316587 150.805 152.416 0.42819 -0.0246753 1.22709 
0.298 252.341 100 -0.0588186 0.317606 150.78 152.341 0.428101 -0.0243726 1.22722 
0.299 252.267 100 -0.0588763 0.318625 150.756 152.267 0.428012 -0.0240735 1.22735 
0.3 252.194 100 -0.0589332 0.319644 150.731 152.194 0.427925 -0.0237781 1.22748 
0.301 252.122 100 -0.0589895 0.320663 150.707 152.122 0.427839 -0.0234863 1.22761 
0.302 252.051 100 -0.0590451 0.321682 150.684 152.051 0.427754 -0.023198 1.22773 
0.303 251.98 100 -0.0591 0.3227 150.66 151.98 0.42767 -0.0229133 1.22785 
0.304 251.911 100 -0.0591542 0.323718 150.637 151.911 0.427588 -0.022632 1.22797 
0.305 251.842 100 -0.0592078 0.324736 150.614 151.842 0.427506 -0.0223541 1.22809 
0.306 251.774 100 -0.0592606 0.325754 150.591 151.774 0.427425 -0.0220796 1.22821 
0.307 251.707 100 -0.0593129 0.326771 150.569 151.707 0.427346 -0.0218084 1.22833 
0.308 251.641 100 -0.0593645 0.327788 150.547 151.641 0.427267 -0.0215406 1.22844 
0.309 251.576 100 -0.0594155 0.328805 150.525 151.576 0.42719 -0.021276 1.22855 
0.31 251.511 100 -0.0594658 0.329822 150.504 151.511 0.427113 -0.0210146 1.22867 
0.311 251.447 100 -0.0595155 0.330839 150.482 151.447 0.427038 -0.0207564 1.22878 
0.312 251.385 100 -0.0595646 0.331855 150.462 151.385 0.426963 -0.0205014 1.22889 
0.313 251.322 100 -0.0596131 0.332871 150.441 151.322 0.42689 -0.0202495 1.22899 
0.314 251.261 100 -0.059661 0.333887 150.42 151.261 0.426817 -0.0200006 1.2291 
0.315 251.2 100 -0.0597083 0.334903 150.4 151.2 0.426745 -0.0197548 1.22921 
0.316 251.141 100 -0.0597551 0.335918 150.38 151.141 0.426675 -0.0195119 1.22931 
0.317 251.082 100 -0.0598012 0.336934 150.361 151.082 0.426605 -0.0192721 1.22941 
0.318 251.023 100 -0.0598468 0.337949 150.341 151.023 0.426536 -0.0190351 1.22952 
0.319 250.966 100 -0.0598918 0.338964 150.322 150.966 0.426468 -0.0188011 1.22962 
0.32 250.909 100 -0.0599363 0.339979 150.303 150.909 0.426401 -0.0185699 1.22972 
0.321 250.853 100 -0.0599802 0.340993 150.284 150.853 0.426334 -0.0183415 1.22981 
0.322 250.797 100 -0.0600236 0.342008 150.266 150.797 0.426269 -0.0181159 1.22991 
0.323 250.742 100 -0.0600664 0.343022 150.247 150.742 0.426204 -0.0178931 1.23001 
0.324 250.688 100 -0.0601088 0.344036 150.229 150.688 0.42614 -0.017673 1.2301 
0.325 250.635 100 -0.0601506 0.34505 150.212 150.635 0.426077 -0.0174555 1.23019 
0.326 250.582 100 -0.0601918 0.346064 150.194 150.582 0.426015 -0.0172408 1.23028 
0.327 250.53 100 -0.0602326 0.347078 150.177 150.53 0.425954 -0.0170286 1.23038 
0.328 250.478 100 -0.0602729 0.348091 150.159 150.478 0.425893 -0.0168191 1.23047 
0.329 250.428 100 -0.0603126 0.349104 150.143 150.428 0.425833 -0.0166121 1.23055 
