epsilon_a sigma_a sigma_r epsilon_r epsilon_s p q x x x
-0 100 100 -0 -0 100 -0 2.1513 1.9999 1.14998 
0.001 104.585 100 0.000708192 0.000763936 101.528 4.58546 2.16552 2.00164 1.14846 
0.002 109.181 100 0.00141317 0.00152894 103.06 9.18074 2.18028 2.00282 1.14695 
0.003 113.785 100 0.00211465 0.00229512 104.595 13.7849 2.19564 2.00318 1.14544 
0.004 118.396 100 0.00281225 0.00306258 106.132 18.3964 2.21172 2.00248 1.14395 
0.005 123.014 100 0.00350551 0.0038315 107.671 23.0136 2.2287 2.00046 1.14246 
0.006 127.634 100 0.00419386 0.00460205 109.211 27.6342 2.24679 1.99693 1.14099 
0.007 132.256 100 0.00487664 0.00537445 110.752 32.2559 2.26629 1.99172 1.13953 
0.008 136.876 100 0.0055531 0.00614897 112.292 36.876 2.28749 1.98469 1.13808 
0.009 141.492 100 0.00622241 0.00692586 113.831 41.4918 2.31075 1.97577 1.13665 
0.01 146.1 100 0.00688366 0.00770545 115.367 46.1005 2.33642 1.96492 1.13524 
0.011 150.699 100 0.00753589 0.00848804 116.9 50.6991 2.36487 1.95214 1.13384 
0.012 155.285 100 0.00817812 0.00927396 118.428 55.285 2.39648 1.93745 1.13248 
0.013 159.855 100 0.00880933 0.0100636 119.952 59.8554 2.43165 1.92092 1.13113 
0.014 164.408 100 0.00942852 0.0108572 121.469 64.4075 2.47075 1.90263 1.12981 
0.015 168.939 100 0.0100347 0.0116551 122.98 68.9388 2.51419 1.88268 1.12852 
0.016 173.447 100 0.0106268 0.0124577 124.482 73.4466 2.56239 1.86116 1.12726 
0.017 177.929 100 0.011204 0.0132653 125.976 77.9285 2.6158 1.83818 1.12603 
0.018 182.382 100 0.0117654 0.0140782 127.461 82.382 2.67489 1.81384 1.12484 
0.019 186.805 100 0.0123101 0.0148966 128.935 86.8046 2.74021 1.78822 1.12368 
0.02 191.194 100 0.0128373 0.0157209 130.398 91.1939 2.81238 1.76141 1.12257 
0.021 195.547 100 0.0133463 0.0165512 131.849 95.5473 2.8921 1.73347 1.12149 
0.022 199.862 100 0.0138364 0.0173879 133.287 99.8623 2.98021 1.70447 1.12045 
0.023 204.136 100 0.014307 0.018231 134.712 104.136 3.07775 1.67445 1.11945 
0.024 208.366 100 0.0147575 0.0190808 136.122 108.366 3.18595 1.64346 1.11849 
0.025 212.55 100 0.0151874 0.0199375 137.517 112.55 3.30633 1.61152 1.11758 
0.026 216.683 100 0.0155961 0.0208013 138.894 116.683 3.4408 1.57866 1.11672 
0.027 220.765 100 0.0159833 0.0216722 140.255 120.765 3.59179 1.5449 1.1159 
0.028 224.79 100 0.0163486 0.0225505 141.597 124.79 3.76236 1.51026 1.11513 
0.029 228.756 100 0.0166915 0.0234362 142.919 128.756 3.95654 1.47475 1.1144 
0.03 232.66 100 0.0170118 0.0243294 144.22 132.66 4.17959 1.43839 1.11373 
0.031 236.498 100 0.0173091 0.0252303 145.499 136.498 4.43861 1.4012 1.1131 
0.032 240.266 100 0.0175832 0.0261389 146.755 140.266 4.74334 1.36321 1.11252 
0.033 243.962 100 0.0178338 0.0270554 147.987 143.962 5.10752 1.32444 1.11199 
0.034 247.58 100 0.0180607 0.0279798 149.193 147.58 5.5511 1.28492 1.11151 
0.035 251.119 100 0.0182638 0.0289121 150.373 151.119 6.10424 1.2447 1.11109 
0.036 254.573 100 0.0184428 0.0298524 151.524 154.573 6.81471 1.20381 1.11071 
0.037 257.939 100 0.0185976 0.0308008 152.646 157.939 7.76288 1.16231 1.11038 
0.038 261.215 100 0.0187282 0.0317573 153.738 161.215 9.09519 1.12025 1.11011 
0.039 264.396 100 0.0188345 0.0327218 154.799 164.396 11.1095 1.07771 1.10988 
0.04 267.479 100 0.0189164 0.0336945 155.826 167.479 14.519 1.03476 1.10971 
0.041 270.46 100 0.018974 0.0346753 156.82 170.46 21.5619 0.991467 1.10959 
0.042 273.338 100 0.0190073 0.0356642 157.779 173.338 44.7635 0.947928 1.10952 
0.043 276.108 100 0.0190163 0.0366612 158.703 176.108 -289.785 0.904231 1.1095 
0.044 278.769 100 0.0190013 0.0376662 159.59 178.769 -32.0128 0.860475 1.10953 
0.045 281.318 100 0.0189624 0.0386792 160.439 181.318 -16.3118 0.81676 1.10962 
0.046 283.753 100 0.0188998 0.0397001 161.251 183.753 -10.6398 0.773191 1.10975 
0.047 286.073 100 0.0188138 0.0407287 162.024 186.073 -7.71165 0.729877 1.10993 
0.048 288.276 100 0.0187047 0.0417651 162.759 188.276 -5.9231 0.686926 1.11016 
0.049 290.361 100 0.0185728 0.0428091 163.454 190.361 -4.71679 0.644447 1.11044 
0.05 292.328 100 0.0184187 0.0438604 164.109 192.328 -3.84806 0.602548 1.11077 
0.051 294.177 100 0.0182428 0.0449191 164.726 194.177 -3.19264 0.561336 1.11114 
0.052 295.907 100 0.0180456 0.0459848 165.302 195.907 -2.68072 0.520914 1.11155 
0.053 297.52 100 0.0178277 0.0470574 165.84 197.52 -2.27003 0.481377 1.11201 
0.054 299.017 100 0.0175896 0.0481368 166.339 199.017 -1.93351 0.44282 1.11252 
0.055 300.398 100 0.0173322 0.0492226 166.799 200.398 -1.65301 0.405326 1.11306 
0.056 301.667 100 0.017056 0.0503147 167.222 201.667 -1.41591 0.368972 1.11365 
0.057 302.825 100 0.0167619 0.0514127 167.608 202.825 -1.21315 0.333828 1.11427 
0.058 303.874 100 0.0164505 0.0525165 167.958 203.874 -1.03806 0.299952 1.11493 
0.059 304.818 100 0.0161228 0.0536257 168.273 204.818 -0.885609 0.267394 1.11562 
0.06 305.66 100 0.0157795 0.0547402 168.553 205.66 -0.751946 0.236194 1.11635 
0.061 306.403 100 0.0154215 0.0558595 168.801 206.403 -0.634053 0.206382 1.11711 
0.062 307.051 100 0.0150497 0.0569834 169.017 207.051 -0.529534 0.177976 1.11789 
0.063 307.608 100 0.014665 0.0581117 169.203 207.608 -0.436464 0.150987 1.11871 
0.064 308.078 100 0.0142681 0.059244 169.359 208.078 -0.353273 0.125416 1.11955 
0.065 308.464 100 0.01386 0.06038 169.488 208.464 -0.278667 0.101256 1.12042 
0.066 308.771 100 0.0134416 0.0615195 169.59 208.771 -0.211569 0.0784894 1.1213 
0.067 309.003 100 0.0130137 0.0626621 169.668 209.003 -0.151072 0.0570942 1.12221 
0.068 309.165 100 0.0125772 0.0638076 169.722 209.165 -0.09641 0.0370405 1.12314 
0.069 309.26 100 0.0121328 0.0649557 169.753 209.26 -0.0469265 0.0182932 1.12408 
0.07 309.293 100 0.0116814 0.0661062 169.764 209.293 -0.00205727 0.000812296 1.12504 
0.071 309.268 100 0.0112238 0.0672587 169.756 209.268 0.0386866 -0.0154463 1.12601 
0.072 309.188 100 0.0107606 0.0684131 169.729 209.188 0.0757309 -0.0305296 1.127 
0.073 309.058 100 0.0102926 0.0695691 169.686 209.058 0.109449 -0.0444873 1.12799 
0.074 308.881 100 0.00982052 0.0707265 169.627 208.881 0.140168 -0.0573705 1.129 
0.075 308.661 100 0.00934494 0.071885 169.554 208.661 0.16818 -0.0692315 1.13001 
0.076 308.401 100 0.0088665 0.0730445 169.467 208.401 0.19374 -0.0801229 1.13103 
0.077 308.105 100 0.00838578 0.0742047 169.368 208.105 0.217079 -0.0900973 1.13206 
0.078 307.775 100 0.00790333 0.0753656 169.258 207.775 0.238402 -0.0992069 1.13308 
0.079 307.415 100 0.00741966 0.0765268 169.138 207.415 0.257892 -0.107503 1.13412 
0.08 307.027 100 0.00693525 0.0776883 169.009 207.027 0.275713 -0.115035 1.13515 
0.081 306.614 100 0.00645055 0.0788498 168.871 206.614 0.292014 -0.121852 1.13619 
0.082 306.179 100 0.00596598 0.0800113 168.726 206.179 0.306928 -0.128 1.13722 
0.083 305.723 100 0.00548193 0.0811727 168.574 205.723 0.320578 -0.133525 1.13826 
0.084 305.25 100 0.00499876 0.0823337 168.417 205.25 0.333071 -0.138468 1.13929 
0.085 304.76 100 0.00451681 0.0834944 168.253 204.76 0.344507 -0.142872 1.14032 
0.086 304.256 100 0.00403637 0.0846545 168.085 204.256 0.354977 -0.146775 1.14135 
0.087 303.739 100 0.00355772 0.0858141 167.913 203.739 0.364561 -0.150213 1.14237 
0.088 303.211 100 0.00308114 0.086973 167.737 203.211 0.373334 -0.153222 1.1434 
0.089 302.674 100 0.00260686 0.088131 167.558 202.674 0.381365 -0.155833 1.14441 
0.09 302.129 100 0.00213508 0.0892883 167.376 202.129 0.388714 -0.158078 1.14542 
0.091 301.578 100 0.00166601 0.0904447 167.193 201.578 0.395438 -0.159985 1.14643 
0.092 301.02 100 0.00119982 0.0916001 167.007 201.02 0.401589 -0.16158 1.14743 
0.093 300.458 100 0.000736683 0.0927544 166.819 200.458 0.407213 -0.16289 1.14843 
0.094 299.893 100 0.000276732 0.0939078 166.631 199.893 0.412354 -0.163936 1.14941 
0.095 299.325 100 -0.000179899 0.09506 166.442 199.325 0.41705 -0.164741 1.1504 
0.096 298.755 100 -0.000633093 0.096211 166.252 198.755 0.421338 -0.165325 1.15137 
0.097 298.184 100 -0.00108275 0.0973609 166.061 198.184 0.425251 -0.165706 1.15234 
0.098 297.613 100 -0.00152877 0.0985096 165.871 197.613 0.428818 -0.165902 1.1533 
0.099 297.041 100 -0.00197108 0.099657 165.68 197.041 0.432068 -0.165928 1.15425 
0.1 296.471 100 -0.0024096 0.100803 165.49 196.471 0.435026 -0.1658 1.1552 
0.101 295.902 100 -0.00284428 0.101948 165.301 195.902 0.437715 -0.165532 1.15613 
0.102 295.335 100 -0.00327507 0.103092 165.112 195.335 0.440157 -0.165135 1.15706 
0.103 294.77 100 -0.0037019 0.104234 164.923 194.77 0.442371 -0.164621 1.15798 
0.104 294.207 100 -0.00412476 0.105375 164.736 194.207 0.444375 -0.164002 1.1589 
0.105 293.648 100 -0.0045436 0.106515 164.549 193.648 0.446186 -0.163287 1.1598 
0.106 293.091 100 -0.00495841 0.107653 164.364 193.091 0.44782 -0.162486 1.1607 
0.107 292.539 100 -0.00536916 0.10879 164.18 192.539 0.449289 -0.161606 1.16158 
0.108 291.99 100 -0.00577583 0.109925 163.997 191.99 0.450608 -0.160656 1.16246 
0.109 291.445 100 -0.00617843 0.111059 163.815 191.445 0.451788 -0.159642 1.16333 
0.11 290.904 100 -0.00657694 0.112192 163.635 190.904 0.45284 -0.158571 1.1642 
0.111 290.368 100 -0.00697136 0.113324 163.456 190.368 0.453774 -0.15745 1.16505 
0.112 289.836 100 -0.0073617 0.114454 163.279 189.836 0.454599 -0.156283 1.16589 
0.113 289.309 100 -0.00774796 0.115583 163.103 189.309 0.455324 -0.155076 1.16673 
0.114 288.786 100 -0.00813014 0.11671 162.929 188.786 0.455958 -0.153833 1.16756 
0.115 288.269 100 -0.00850827 0.117836 162.756 188.269 0.456506 -0.152559 1.16838 
0.116 287.756 100 -0.00888236 0.118961 162.585 187.756 0.456977 -0.151258 1.16919 
0.117 287.248 100 -0.00925241 0.120084 162.416 187.248 0.457375 -0.149933 1.16999 
0.118 286.746 100 -0.00961846 0.121206 162.249 186.746 0.457708 -0.148588 1.17079 
0.119 286.249 100 -0.00998051 0.122327 162.083 186.249 0.45798 -0.147225 1.17157 
0.12 285.757 100 -0.0103386 0.123446 161.919 185.757 0.458196 -0.145847 1.17235 
0.121 285.27 100 -0.0106927 0.124564 161.757 185.27 0.45836 -0.144457 1.17312 
0.122 284.788 100 -0.011043 0.125681 161.596 184.788 0.458477 -0.143057 1.17388 
0.123 284.312 100 -0.0113893 0.126796 161.437 184.312 0.458551 -0.14165 1.17463 
0.124 283.841 100 -0.0117317 0.127911 161.28 183.841 0.458585 -0.140237 1.17538 
0.125 283.375 100 -0.0120704 0.129023 161.125 183.375 0.458583 -0.13882 1.17612 
0.126 282.914 100 -0.0124052 0.130135 160.971 182.914 0.458547 -0.1374 1.17684 
0.127 282.459 100 -0.0127362 0.131245 160.82 182.459 0.458481 -0.135979 1.17756 
0.128 282.009 100 -0.0130635 0.132354 160.67 182.009 0.458386 -0.134559 1.17828 
0.129 281.564 100 -0.013387 0.133462 160.521 181.564 0.458266 -0.133141 1.17898 
0.13 281.124 100 -0.0137069 0.134569 160.375 181.124 0.458122 -0.131726 1.17968 
0.131 280.69 100 -0.0140231 0.135674 160.23 180.69 0.457957 -0.130314 1.18037 
0.132 280.26 100 -0.0143357 0.136779 160.087 180.26 0.457773 -0.128907 1.18105 
0.133 279.836 100 -0.0146447 0.137882 159.945 179.836 0.457571 -0.127505 1.18172 
0.134 279.417 100 -0.0149501 0.138983 159.806 179.417 0.457353 -0.12611 1.18239 
0.135 279.003 100 -0.015252 0.140084 159.668 179.003 0.45712 -0.124722 1.18305 
0.136 278.594 100 -0.0155504 0.141183 159.531 178.594 0.456874 -0.123341 1.1837 
0.137 278.189 100 -0.0158454 0.142282 159.396 178.189 0.456617 -0.121969 1.18435 
0.138 277.79 100 -0.0161369 0.143379 159.263 177.79 0.456348 -0.120605 1.18498 
0.139 277.396 100 -0.0164251 0.144475 159.132 177.396 0.45607 -0.119251 1.18561 
0.14 277.006 100 -0.0167098 0.14557 159.002 177.006 0.455784 -0.117906 1.18623 
0.141 276.622 100 -0.0169913 0.146664 158.874 176.622 0.45549 -0.116571 1.18685 
0.142 276.242 100 -0.0172695 0.147756 158.747 176.242 0.455189 -0.115246 1.18746 
0.143 275.866 100 -0.0175444 0.148848 158.622 175.866 0.454883 -0.113932 1.18806 
0.144 275.496 100 -0.0178161 0.149939 158.499 175.496 0.454571 -0.112628 1.18865 
0.145 275.13 100 -0.0180846 0.151028 158.377 175.13 0.454255 -0.111335 1.18924 
0.146 274.768 100 -0.0183499 0.152117 158.256 174.768 0.453935 -0.110054 1.18982 
0.147 274.411 100 -0.0186121 0.153204 158.137 174.411 0.453612 -0.108784 1.1904 
0.148 274.059 100 -0.0188713 0.15429 158.02 174.059 0.453286 -0.107525 1.19096 
0.149 273.711 100 -0.0191273 0.155376 157.904 173.711 0.452958 -0.106278 1.19152 
0.15 273.367 100 -0.0193804 0.15646 157.789 173.367 0.452628 -0.105043 1.19208 
0.151 273.027 100 -0.0196304 0.157543 157.676 173.027 0.452297 -0.103819 1.19263 
0.152 272.692 100 -0.0198775 0.158626 157.564 172.692 0.451965 -0.102607 1.19317 
0.153 272.361 100 -0.0201217 0.159707 157.454 172.361 0.451633 -0.101407 1.1937 
0.154 272.034 100 -0.020363 0.160788 157.345 172.034 0.4513 -0.10022 1.19423 
0.155 271.712 100 -0.0206014 0.161867 157.237 171.712 0.450968 -0.0990435 1.19476 
0.156 271.393 100 -0.0208369 0.162946 157.131 171.393 0.450635 -0.0978794 1.19527 
0.157 271.079 100 -0.0210697 0.164023 157.026 171.079 0.450304 -0.0967273 1.19579 
0.158 270.768 100 -0.0212997 0.1651 156.923 170.768 0.449973 -0.0955871 1.19629 
0.159 270.461 100 -0.021527 0.166176 156.82 170.461 0.449644 -0.0944589 1.19679 
0.16 270.159 100 -0.0217516 0.167251 156.72 170.159 0.449316 -0.0933425 1.19728 
0.161 269.86 100 -0.0219734 0.168324 156.62 169.86 0.448989 -0.0922379 1.19777 
0.162 269.564 100 -0.0221927 0.169398 156.521 169.564 0.448664 -0.0911452 1.19825 
0.163 269.273 100 -0.0224093 0.17047 156.424 169.273 0.448341 -0.0900642 1.19873 
0.164 268.985 100 -0.0226233 0.171541 156.328 168.985 0.448019 -0.0889949 1.1992 
0.165 268.701 100 -0.0228348 0.172612 156.234 168.701 0.4477 -0.0879372 1.19966 
0.166 268.421 100 -0.0230437 0.173681 156.14 168.421 0.447383 -0.0868911 1.20012 
0.167 268.144 100 -0.0232501 0.17475 156.048 168.144 0.447069 -0.0858565 1.20058 
0.168 267.87 100 -0.0234541 0.175818 155.957 167.87 0.446756 -0.0848333 1.20103 
0.169 267.6 100 -0.0236556 0.176885 155.867 167.6 0.446447 -0.0838215 1.20147 
0.17 267.334 100 -0.0238547 0.177952 155.778 167.334 0.446139 -0.0828209 1.20191 
0.171 267.07 100 -0.0240514 0.179017 155.69 167.07 0.445835 -0.0818316 1.20234 
0.172 266.811 100 -0.0242457 0.180082 155.604 166.811 0.445533 -0.0808533 1.20277 
0.173 266.554 100 -0.0244378 0.181146 155.518 166.554 0.445234 -0.0798861 1.20319 
0.174 266.301 100 -0.0246275 0.182209 155.434 166.301 0.444937 -0.0789298 1.20361 
0.175 266.051 100 -0.0248149 0.183272 155.35 166.051 0.444643 -0.0779843 1.20402 
0.176 265.804 100 -0.025 0.184333 155.268 165.804 0.444353 -0.0770495 1.20443 
0.177 265.56 100 -0.025183 0.185394 155.187 165.56 0.444065 -0.0761255 1.20483 
0.178 265.319 100 -0.0253637 0.186455 155.106 165.319 0.44378 -0.0752119 1.20523 
0.179 265.082 100 -0.0255423 0.187514 155.027 165.082 0.443498 -0.0743088 1.20563 
0.18 264.847 100 -0.0257187 0.188573 154.949 164.847 0.443219 -0.0734161 1.20602 
0.181 264.615 100 -0.0258929 0.189631 154.872 164.615 0.442942 -0.0725337 1.2064 
0.182 264.387 100 -0.0260651 0.190688 154.796 164.387 0.442669 -0.0716614 1.20678 
0.183 264.161 100 -0.0262352 0.191745 154.72 164.161 0.442399 -0.0707992 1.20716 
0.184 263.938 100 -0.0264032 0.192801 154.646 163.938 0.442132 -0.069947 1.20753 
0.185 263.718 100 -0.0265693 0.193856 154.573 163.718 0.441867 -0.0691047 1.20789 
0.186 263.5 100 -0.0267333 0.194911 154.5 163.5 0.441606 -0.0682721 1.20825 
0.187 263.286 100 -0.0268953 0.195965 154.429 163.286 0.441348 -0.0674492 1.20861 
0.188 263.074 100 -0.0270553 0.197018 154.358 163.074 0.441092 -0.0666359 1.20897 
0.189 262.865 100 -0.0272135 0.198071 154.288 162.865 0.44084 -0.0658321 1.20932 
0.19 262.658 100 -0.0273697 0.199123 154.219 162.658 0.44059 -0.0650376 1.20966 
0.191 262.454 100 -0.027524 0.200175 154.151 162.454 0.440343 -0.0642525 1.21 
0.192 262.253 100 -0.0276765 0.201225 154.084 162.253 0.4401 -0.0634765 1.21034 
0.193 262.054 100 -0.0278271 0.202276 154.018 162.054 0.439859 -0.0627096 1.21067 
0.194 261.858 100 -0.0279758 0.203325 153.953 161.858 0.439621 -0.0619518 1.211 
0.195 261.664 100 -0.0281228 0.204374 153.888 161.664 0.439386 -0.0612028 1.21133 
0.196 261.473 100 -0.028268 0.205423 153.824 161.473 0.439153 -0.0604626 1.21165 
0.197 261.284 100 -0.0284114 0.20647 153.761 161.284 0.438924 -0.0597312 1.21196 
0.198 261.097 100 -0.0285531 0.207518 153.699 161.097 0.438697 -0.0590084 1.21228 
0.199 260.913 100 -0.0286931 0.208564 153.638 160.913 0.438473 -0.0582941 1.21259 
0.2 260.731 100 -0.0288314 0.20961 153.577 160.731 0.438252 -0.0575882 1.21289 
0.201 260.552 100 -0.028968 0.210656 153.517 160.552 0.438034 -0.0568906 1.21319 
0.202 260.374 100 -0.0291029 0.211701 153.458 160.374 0.437818 -0.0562014 1.21349 
0.203 260.199 100 -0.0292362 0.212745 153.4 160.199 0.437605 -0.0555202 1.21379 
0.204 260.027 100 -0.0293679 0.213789 153.342 160.027 0.437394 -0.0548472 1.21408 
0.205 259.856 100 -0.029498 0.214833 153.285 159.856 0.437186 -0.0541821 1.21437 
0.206 259.687 100 -0.0296265 0.215875 153.229 159.687 0.436981 -0.0535249 1.21465 
0.207 259.521 100 -0.0297534 0.216918 153.174 159.521 0.436779 -0.0528754 1.21493 
0.208 259.357 100 -0.0298788 0.21796 153.119 159.357 0.436578 -0.0522338 1.21521 
0.209 259.195 100 -0.0300026 0.219001 153.065 159.195 0.436381 -0.0515997 1.21549 
0.21 259.034 100 -0.030125 0.220042 153.011 159.034 0.436186 -0.0509732 1.21576 
0.211 258.876 100 -0.0302459 0.221082 152.959 158.876 0.435993 -0.0503541 1.21602 
0.212 258.72 100 -0.0303653 0.222122 152.907 158.72 0.435803 -0.0497424 1.21629 
0.213 258.566 100 -0.0304832 0.223161 152.855 158.566 0.435615 -0.049138 1.21655 
0.214 258.414 100 -0.0305997 0.2242 152.805 158.414 0.43543 -0.0485407 1.21681 
0.215 258.264 100 -0.0307148 0.225238 152.755 158.264 0.435247 -0.0479507 1.21706 
0.216 258.115 100 -0.0308284 0.226276 152.705 158.115 0.435066 -0.0473676 1.21732 
0.217 257.969 100 -0.0309407 0.227314 152.656 157.969 0.434888 -0.0467915 1.21756 
0.218 257.824 100 -0.0310517 0.228351 152.608 157.824 0.434712 -0.0462223 1.21781 
0.219 257.681 100 -0.0311612 0.229387 152.56 157.681 0.434538 -0.0456599 1.21805 
0.22 257.54 100 -0.0312695 0.230423 152.513 157.54 0.434367 -0.0451042 1.21829 
0.221 257.401 100 -0.0313764 0.231459 152.467 157.401 0.434197 -0.0445552 1.21853 
0.222 257.263 100 -0.031482 0.232494 152.421 157.263 0.43403 -0.0440127 1.21876 
0.223 257.127 100 -0.0315863 0.233529 152.376 157.127 0.433865 -0.0434767 1.219 
0.224 256.993 100 -0.0316893 0.234563 152.331 156.993 0.433702 -0.0429472 1.21923 
0.225 256.861 100 -0.0317911 0.235597 152.287 156.861 0.433541 -0.0424239 1.21945 
0.226 256.73 100 -0.0318917 0.236631 152.243 156.73 0.433383 -0.041907 1.21967 
0.227 256.601 100 -0.031991 0.237664 152.2 156.601 0.433226 -0.0413963 1.21989 
0.228 256.474 100 -0.0320891 0.238696 152.158 156.474 0.433071 -0.0408917 1.22011 
0.229 256.348 100 -0.032186 0.239729 152.116 156.348 0.432919 -0.0403931 1.22033 
0.23 256.223 100 -0.0322817 0.240761 152.074 156.223 0.432768 -0.0399005 1.22054 
0.231 256.101 100 -0.0323762 0.241792 152.034 156.101 0.432619 -0.0394139 1.22075 
0.232 255.979 100 -0.0324696 0.242823 151.993 155.979 0.432472 -0.0389331 1.22096 
0.233 255.86 100 -0.0325619 0.243854 151.953 155.86 0.432327 -0.038458 1.22116 
0.234 255.742 100 -0.032653 0.244884 151.914 155.742 0.432184 -0.0379887 1.22136 
0.235 255.625 100 -0.032743 0.245914 151.875 155.625 0.432043 -0.037525 1.22156 
0.236 255.51 100 -0.0328319 0.246944 151.837 155.51 0.431904 -0.037067 1.22176 
0.237 255.396 100 -0.0329197 0.247973 151.799 155.396 0.431766 -0.0366144 1.22196 
0.238 255.284 100 -0.0330064 0.249002 151.761 155.284 0.431631 -0.0361672 1.22215 
0.239 255.173 100 -0.0330921 0.250031 151.724 155.173 0.431497 -0.0357255 1.22234 
0.24 255.063 100 -0.0331767 0.251059 151.688 155.063 0.431364 -0.0352891 1.22253 
0.241 254.955 100 -0.0332603 0.252087 151.652 154.955 0.431234 -0.0348579 1.22271 
0.242 254.848 100 -0.0333429 0.253114 151.616 154.848 0.431105 -0.034432 1.2229 
0.243 254.743 100 -0.0334245 0.254141 151.581 154.743 0.430978 -0.0340111 1.22308 
0.244 254.639 100 -0.033505 0.255168 151.546 154.639 0.430852 -0.0335954 1.22326 
0.245 254.536 100 -0.0335846 0.256195 151.512 154.536 0.430728 -0.0331847 1.22343 
0.246 254.434 100 -0.0336632 0.257221 151.478 154.434 0.430606 -0.0327789 1.22361 
0.247 254.334 100 -0.0337408 0.258247 151.445 154.334 0.430485 -0.032378 1.22378 
0.248 254.235 100 -0.0338175 0.259272 151.412 154.235 0.430366 -0.031982 1.22395 
0.249 254.137 100 -0.0338932 0.260298 151.379 154.137 0.430249 -0.0315907 1.22412 
0.25 254.041 100 -0.033968 0.261323 151.347 154.041 0.430133 -0.0312042 1.22429 
0.251 253.945 100 -0.0340419 0.262347 151.315 153.945 0.430018 -0.0308224 1.22445 
0.252 253.851 100 -0.0341149 0.263372 151.284 153.851 0.429905 -0.0304451 1.22461 
0.253 253.758 100 -0.034187 0.264396 151.253 153.758 0.429793 -0.0300725 1.22477 
0.254 253.666 100 -0.0342582 0.265419 151.222 153.666 0.429683 -0.0297043 1.22493 
0.255 253.576 100 -0.0343285 0.266443 151.192 153.576 0.429574 -0.0293406 1.22509 
0.256 253.486 100 -0.034398 0.267466 151.162 153.486 0.429467 -0.0289813 1.22524 
0.257 253.398 100 -0.0344666 0.268489 151.133 153.398 0.429361 -0.0286264 1.2254 
0.258 253.311 100 -0.0345344 0.269511 151.104 153.311 0.429257 -0.0282757 1.22555 
0.259 253.224 100 -0.0346013 0.270534 151.075 153.224 0.429153 -0.0279293 1.2257 
0.26 253.139 100 -0.0346674 0.271556 151.046 153.139 0.429052 -0.0275871 1.22584 
0.261 253.055 100 -0.0347327 0.272578 151.018 153.055 0.428951 -0.0272491 1.22599 
0.262 252.972 100 -0.0347972 0.273599 150.991 152.972 0.428852 -0.0269151 1.22613 
0.263 252.89 100 -0.034861 0.27462 150.963 152.89 0.428754 -0.0265852 1.22627 
0.264 252.809 100 -0.0349239 0.275641 150.936 152.809 0.428657 -0.0262593 1.22641 
0.265 252.729 100 -0.034986 0.276662 150.91 152.729 0.428562 -0.0259374 1.22655 
0.266 252.65 100 -0.0350474 0.277682 150.883 152.65 0.428468 -0.0256193 1.22669 
0.267 252.573 100 -0.0351081 0.278703 150.858 152.573 0.428375 -0.0253052 1.22682 
0.268 252.496 100 -0.035168 0.279723 150.832 152.496 0.428283 -0.0249948 1.22696 
0.269 252.42 100 -0.0352271 0.280742 150.807 152.42 0.428192 -0.0246882 1.22709 
0.27 252.345 100 -0.0352855 0.281762 150.782 152.345 0.428103 -0.0243853 1.22722 
0.271 252.27 100 -0.0353433 0.282781 150.757 152.27 0.428015 -0.0240861 1.22735 
0.272 252.197 100 -0.0354003 0.2838 150.732 152.197 0.427927 -0.0237906 1.22747 
0.273 252.125 100 -0.0354566 0.284819 150.708 152.125 0.427841 -0.0234986 1.2276 
0.274 252.054 100 -0.0355122 0.285837 150.685 152.054 0.427757 -0.0232102 1.22772 
0.275 251.983 100 -0.0355671 0.286856 150.661 151.983 0.427673 -0.0229253 1.22785 
0.276 251.914 100 -0.0356213 0.287874 150.638 151.914 0.42759 -0.0226438 1.22797 
0.277 251.845 100 -0.0356749 0.288892 150.615 151.845 0.427508 -0.0223658 1.22809 
0.278 251.777 100 -0.0357278 0.289909 150.592 151.777 0.427428 -0.0220912 1.2282 
0.279 251.71 100 -0.0357801 0.290927 150.57 151.71 0.427348 -0.0218199 1.22832 
0.28 251.644 100 -0.0358317 0.291944 150.548 151.644 0.42727 -0.0215519 1.22844 
0.281 251.578 100 -0.0358827 0.292961 150.526 151.578 0.427192 -0.0212872 1.22855 
0.282 251.514 100 -0.0359331 0.293978 150.505 151.514 0.427116 -0.0210257 1.22866 
0.283 251.45 100 -0.0359828 0.294994 150.483 151.45 0.42704 -0.0207674 1.22877 
0.284 251.387 100 -0.036032 0.296011 150.462 151.387 0.426966 -0.0205122 1.22888 
0.285 251.325 100 -0.0360805 0.297027 150.442 151.325 0.426892 -0.0202601 1.22899 
0.286 251.264 100 -0.0361284 0.298043 150.421 151.264 0.42682 -0.0200111 1.2291 
0.287 251.203 100 -0.0361757 0.299059 150.401 151.203 0.426748 -0.0197652 1.2292 
0.288 251.143 100 -0.0362225 0.300074 150.381 151.143 0.426677 -0.0195222 1.22931 
0.289 251.084 100 -0.0362687 0.30109 150.361 151.084 0.426607 -0.0192822 1.22941 
0.29 251.026 100 -0.0363143 0.302105 150.342 151.026 0.426538 -0.0190452 1.22951 
0.291 250.968 100 -0.0363593 0.30312 150.323 150.968 0.42647 -0.018811 1.22961 
0.292 250.911 100 -0.0364038 0.304135 150.304 150.911 0.426403 -0.0185797 1.22971 
0.293 250.855 100 -0.0364478 0.305149 150.285 150.855 0.426337 -0.0183512 1.22981 
0.294 250.799 100 -0.0364912 0.306164 150.266 150.799 0.426271 -0.0181255 1.22991 
0.295 250.745 100 -0.036534 0.307178 150.248 150.745 0.426207 -0.0179025 1.23 
0.296 250.691 100 -0.0365764 0.308192 150.23 150.691 0.426143 -0.0176823 1.2301 
0.297 250.637 100 -0.0366182 0.309206 150.212 150.637 0.42608 -0.0174648 1.23019 
0.298 250.584 100 -0.0366595 0.31022 150.195 150.584 0.426018 -0.0172499 1.23028 
0.299 250.532 100 -0.0367003 0.311233 150.177 150.532 0.425956 -0.0170376 1.23037 
0.3 250.481 100 -0.0367406 0.312247 150.16 150.481 0.425896 -0.016828 1.23046 
0.301 250.43 100 -0.0367804 0.31326 150.143 150.43 0.425836 -0.0166209 1.23055 
0.302 250.38 100 -0.0368197 0.314273 150.127 150.38 0.425777 -0.0164163 1.23064 
0.303 250.33 100 -0.0368585 0.315286 150.11 150.33 0.425718 -0.0162142 1.23072 
0.304 250.281 100 -0.0368969 0.316299 150.094 150.281 0.425661 -0.0160146 1.23081 
0.305 250.233 100 -0.0369347 0.317312 150.078 150.233 0.425604 -0.0158175 1.23089 
0.306 250.185 100 -0.0369721 0.318324 150.062 150.185 0.425548 -0.0156227 1.23098 
0.307 250.138 100 -0.0370091 0.319336 150.046 150.138 0.425493 -0.0154304 1.23106 
0.308 250.091 100 -0.0370455 0.320349 150.03 150.091 0.425438 -0.0152404 1.23114 
0.309 250.045 100 -0.0370816 0.321361 150.015 150.045 0.425384 -0.0150527 1.23122 
0.31 250 100 -0.0371172 0.322372 150 150 0.425331 -0.0148673 1.2313 
0.311 249.955 100 -0.0371523 0.323384 149.985 149.955 0.425278 -0.0146842 1.23138 
0.312 249.911 100 -0.037187 0.324396 149.97 149.911 0.425226 -0.0145033 1.23146 
0.313 249.867 100 -0.0372213 0.325407 149.956 149.867 0.425175 -0.0143246 1.23153 
0.314 249.824 100 -0.0372552 0.326418 149.941 149.824 0.425124 -0.0141482 1.23161 
0.315 249.781 100 -0.0372886 0.32743 149.927 149.781 0.425074 -0.0139738 1.23168 
0.316 249.739 100 -0.0373217 0.328441 149.913 149.739 0.425025 -0.0138017 1.23176 
0.317 249.697 100 -0.0373543 0.329451 149.899 149.697 0.424976 -0.0136316 1.23183 
0.318 249.656 100 -0.0373865 0.330462 149.885 149.656 0.424928 -0.0134636 1.2319 
0.319 249.616 100 -0.0374183 0.331473 149.872 149.616 0.424881 -0.0132977 1.23197 
0.32 249.576 100 -0.0374498 0.332483 149.859 149.576 0.424834 -0.0131338 1.23204 
0.321 249.536 100 -0.0374808 0.333494 149.845 149.536 0.424788 -0.0129719 1.23211 
0.322 249.497 100 -0.0375115 0.334504 149.832 149.497 0.424742 -0.012812 1.23218 
0.323 249.458 100 -0.0375418 0.335514 149.819 149.458 0.424697 -0.012654 1.23225 
0.324 249.42 100 -0.0375717 0.336524 149.807 149.42 0.424652 -0.012498 1.23232 
0.325 249.383 100 -0.0376012 0.337534 149.794 149.383 0.424608 -0.0123439 1.23238 
0.326 249.346 100 -0.0376304 0.338543 149.782 149.346 0.424565 -0.0121917 1.23245 
0.327 249.309 100 -0.0376592 0.339553 149.77 149.309 0.424522 -0.0120414 1.23251 
0.328 249.273 100 -0.0376877 0.340563 149.758 149.273 0.42448 -0.0118929 1.23258 
0.329 249.237 100 -0.0377158 0.341572 149.746 149.237 0.424438 -0.0117462 1.23264 
0.33 249.201 100 -0.0377435 0.342581 149.734 149.201 0.424397 -0.0116014 1.2327 
0.331 249.167 100 -0.037771 0.34359 149.722 149.167 0.424356 -0.0114583 1.23276 
0.332 249.132 100 -0.037798 0.344599 149.711 149.132 0.424316 -0.0113169 1.23282 
0.333 249.098 100 -0.0378248 0.345608 149.699 149.098 0.424277 -0.0111773 1.23288 
0.334 249.064 100 -0.0378512 0.346617 149.688 149.064 0.424237 -0.0110395 1.23294 
0.335 249.031 100 -0.0378773 0.347626 149.677 149.031 0.424199 -0.0109033 1.233 
0.336 248.998 100 -0.0379031 0.348634 149.666 148.998 0.424161 -0.0107687 1.23306 
0.337 248.966 100 -0.0379285 0.349643 149.655 148.966 0.424123 -0.0106359 1.23311 
